#N = 4096, Runs = 100
#Average Computation time (usecs): 2892.55
#Standard deviation (usecs): 65.1066
#Confidence interval 99%: +- 16.7975
#Execution times (usecs):
2780.25
2784.21
2786.93
2789.73
2792.54
2794.14
2794.46
2797.21
2802.04
2802.39
2803.06
2805.95
2808.68
2810.62
2814.31
2815.37
2817.57
2820.39
2823.05
2828.91
2825.34
2828.26
2829.13
2833.52
2836.27
2836.39
2838.88
2840.51
2843.97
2846.15
2847.11
2848.91
2855.08
2857.23
2859.3
2860.09
2863
2862.67
2865.32
2866.62
2869.29
2873.22
2874.03
2876.22
2878.83
2883.85
2884.42
2885.76
2888.03
2889.12
2891.09
2894.97
2898.88
2901.21
2900.01
2901.23
2905.57
2907.68
2908.63
2911.96
2913.08
2918.05
2919.85
2920.25
2924.62
2929.17
2928.92
2929.06
2932.07
2934.66
2941.04
2941.81
2942.12
2943.39
2945.72
2950.36
2951.98
2953.88
2955.32
2955.56
2961.1
2961.92
2972.48
2974.65
2969.21
2971.17
2976.84
2974.8
2977.57
2979.93
2983.91
2989.89
2989.84
2989.93
2993.8
2995.82
3006.36
3003.76
3004.58
3007.26
