#N = 2048, Runs = 100
#Average Computation time (usecs): 737.338
#Standard deviation (usecs): 5.91978
#Confidence interval 99%: +- 1.5273
#Execution times (usecs):
744.328
746.353
737.171
737.171
736.518
736.03
736.016
736.325
736.128
736.105
736.083
736.05
736.519
736.204
736.254
735.895
736.245
735.918
736.276
736.277
736.02
735.883
736.558
736.108
736.253
735.868
736.016
735.918
736.036
735.894
735.836
735.86
736.03
736.063
736.064
736.102
736.074
778.705
736.721
736.166
736.353
736.256
736.932
735.974
735.938
736.509
735.93
735.958
736.147
736.186
736.184
736.427
735.884
736.407
736.078
736.115
736.561
736.147
736.318
736.003
736.602
738.296
736.248
735.852
736.077
735.938
736.508
736.201
735.868
736
735.966
736.001
736.008
736.185
736.443
735.778
774.779
748.787
736.356
736.505
736.344
736.496
736.203
736.063
736.213
736.595
736.117
736.133
736.301
736.459
735.985
736.067
736.496
736.005
736.198
736.11
736.467
736.056
736.629
736.121
