#N = 8192, Runs = 100
#Average Computation time (usecs): 11008.6
#Standard deviation (usecs): 66.1079
#Confidence interval 99%: +- 17.0558
#Execution times (usecs):
10896.3
10901.4
10905.6
10904.6
10905.9
10907
10909
10918.7
10918.4
10916.9
10919.3
10919.9
10922.3
10924.3
10927.2
10931.8
10933.4
10935.8
10938.4
10944.6
10944.7
10943.4
10946
10947.9
10952.4
10954.3
10953.8
10955.7
10957.5
10961.7
10963.7
10963.4
10972
10971.6
10971
10973.9
10975.4
10976.6
10978.6
10984.2
10986.9
10984.6
10987.5
10989.4
10992.7
10994.9
10996.8
11001.1
11001.8
11006.9
11006.4
11010.6
11010.6
11016.6
11020.6
11019.1
11020.6
11022.5
11025
11028.7
11030.3
11032.2
11037.5
11037.7
11041
11042.6
11044.3
11048.2
11048.7
11052.7
11053.2
11054.4
11057.3
11059.4
11069.7
11065.3
11069
11068.7
11073.1
11077.2
11078.8
11080.6
11082.7
11091.6
11088.3
11091.4
11092.1
11095.1
11097
11101.2
11103.8
11103.9
11106.4
11108.8
11115.8
11118.8
11117.4
11121.8
11122.8
11129.5
