#N = 2048, Runs = 100
#Average Computation time (usecs): 1513.32
#Standard deviation (usecs): 1.87827
#Confidence interval 99%: +- 0.484594
#Execution times (usecs):
1528.66
1514.45
1516.62
1512.94
1512.99
1512.7
1516.01
1512.62
1512.77
1512.89
1512.71
1512.74
1513.59
1512.98
1512.49
1514.9
1513.08
1512.63
1512.72
1515.46
1513.04
1513.17
1512.54
1512.69
1515.2
1512.67
1512.54
1513
1513.06
1516.33
1512.32
1512.53
1512.09
1512.59
1512.64
1512.48
1514.69
1515.12
1515.07
1512.66
1512.81
1512.47
1512.27
1512.7
1512.62
1512.37
1512.2
1515.45
1512.42
1512.4
1512.98
1513.52
1515.49
1512.39
1512.34
1512.7
1512.56
1513.07
1512.61
1514.81
1513.2
1515.96
1513.08
1512.25
1512.9
1513.48
1512.58
1512.93
1512.96
1513.31
1514.51
1512.73
1512.15
1512.67
1512.89
1512.6
1512.18
1512.59
1512.44
1512.82
1512.32
1512.75
1513.83
1514.43
1515.15
1512.43
1512.15
1512.23
1512.85
1512.26
1512.08
1512.71
1512.66
1514.01
1512.48
1512.71
1512.47
1514.18
1513.09
1512.36
