#N = 4096, Runs = 100
#Average Computation time (usecs): 5655.36
#Standard deviation (usecs): 2.06865
#Confidence interval 99%: +- 0.533712
#Execution times (usecs):
5672.81
5656.17
5655.28
5655.64
5655.49
5655.17
5655.11
5654.67
5656.1
5654.95
5654.83
5655.06
5655.13
5655.04
5654.5
5654.28
5654.64
5655.07
5654.63
5654.91
5655.74
5654.68
5657.22
5656
5654.88
5654.58
5656.48
5654.32
5654.24
5654.39
5657.64
5654.6
5654.78
5654.6
5657.62
5654.19
5654.64
5656.11
5657.48
5654.9
5654.58
5654.12
5657.06
5654.46
5654.5
5655
5654.74
5654.3
5654.8
5654.87
5657.32
5655.06
5655.06
5654.82
5654.36
5654.72
5654.47
5654.27
5654.33
5654.7
5657.01
5654.69
5654.35
5656.86
5654.33
5654.38
5654.51
5657.28
5654.35
5657.1
5654.7
5654.9
5654.63
5659.25
5654.13
5654.45
5654.79
5657.69
5656.78
5655.27
5654.55
5657.9
5655.05
5654.58
5654.67
5656.73
5654.12
5654.22
5654.69
5654.62
5654.7
5654.38
5654.93
5654.37
5654.54
5654.44
5657
5654.46
5654.44
5654.42
