#N = 8192, Runs = 100
#Average Computation time (usecs): 22193
#Standard deviation (usecs): 2.42788
#Confidence interval 99%: +- 0.626393
#Execution times (usecs):
22214.9
22194
22193.4
22192.6
22193.4
22192.8
22192.6
22192.3
22192.4
22191.8
22192.9
22192.9
22195.1
22192.2
22192.7
22192.8
22192.3
22195.1
22192
22192.6
22192.2
22191.8
22192.1
22193
22192.2
22192.1
22192.3
22192.8
22192.3
22192
22194
22192.8
22196.5
22192.4
22192
22194.7
22192
22192.1
22195.5
22192.6
22192.2
22195.1
22193.3
22192.2
22192.7
22192.3
22192
22192.3
22194.2
22192.1
22192.8
22193.3
22192.2
22192.9
22191.8
22192.2
22192.2
22192.2
22192.7
22192.2
22193.7
22194.7
22192.2
22192.4
22194.3
22192.1
22192.2
22192.5
22192.4
22192.9
22194.9
22192
22192.4
22192
22192.3
22192.4
22196
22192.8
22192
22192.6
22192.3
22191.9
22192.4
22192
22192.9
22192.9
22191.8
22192.2
22192.7
22192.3
22191.8
22192.1
22192
22194.4
22192.5
22191.7
22194.3
22192.6
22192
22192.4
